37.05 116.56
36.85 116.67
40.06 116.25
36.04 103.85
40.05 116.34
40.74 116.64
39.52 116.71
40.10 116.30
29.85 119.81
40.19 117.10
37.88 116.52
40.57 116.68
39.97 116.16
42.47 117.29
32.50 117.16
40.39 116.38
37.49 116.30
33.79 116.99
36.63 100.81
36.61 101.79
40.05 116.17
36.55 101.94
40.45 115.33
36.40 102.65
40.34 116.78
34.40 117.33
40.51 115.30
35.46 104.76
37.71 112.26
34.28 108.94
30.07 118.17
30.26 120.18
41.44 116.22
36.89 100.88
36.39 101.33
40.41 116.33
39.36 113.82
35.31 104.99
36.53 102.05
40.34 115.99
37.33 116.34
41.93 117.28
39.66 115.98
39.79 118.24
30.25 120.20
40.08 115.73
43.73 116.11
38.08 114.44
36.03 103.90
33.62 117.00
37.38 114.55
30.40 120.27
39.80 116.83
40.71 117.16
40.22 116.29
40.53 116.78
39.86 116.09
35.96 114.34
40.61 117.43
34.29 108.90
40.29 116.35
35.81 116.78
40.41 115.49
39.80 117.01
43.49 116.71
36.77 101.14
40.03 116.66
37.76 115.60
39.96 116.78
30.23 120.13
35.93 114.34
39.65 118.17
40.33 116.85
39.64 115.97
36.06 120.35
27.77 102.21
39.78 116.03
37.06 103.02
40.17 117.16
28.67 115.91
35.58 116.83
35.71 104.53
40.38 116.67
42.57 117.14
35.71 117.00
40.58 116.67
38.01 114.11
34.76 111.23
40.73 116.63
40.40 117.11
30.62 104.06
35.41 116.94
36.41 114.35
39.70 116.50
40.42 116.98
39.93 119.33
36.49 114.43
34.29 117.10
41.90 115.28
40.00 115.48
35.90 117.10
30.91 117.79
30.90 117.50
33.90 106.47
40.44 116.56
33.82 106.41
40.03 116.51
40.42 116.97
32.33 105.56
32.31 105.54
37.07 116.54
31.88 104.92
39.11 117.26
37.02 111.94
39.74 117.66
39.94 116.19
40.32 116.22
35.60 116.83
40.06 116.43
39.73 119.34
39.95 116.20
40.25 116.13
36.39 101.32
35.09 105.42
35.91 117.10
34.66 105.66
34.23 106.90
30.88 114.22
40.69 116.34
40.61 116.78
40.69 117.24
37.44 110.90
40.18 116.49
40.17 116.68
39.59 116.77
40.24 116.14
39.76 117.78
40.17 116.12
39.91 116.67
39.82 118.14
41.02 117.51
37.91 112.16
34.51 108.19
36.44 116.91
35.76 117.06
32.94 117.36
37.43 110.78
35.17 113.74
37.14 114.50
39.18 117.14
41.33 114.21
41.21 114.48
36.37 116.92
40.22 116.33
35.20 104.71
40.11 116.54
34.70 113.69
28.19 113.01
41.36 117.76
40.33 116.35
42.09 117.66
42.64 117.12
32.23 120.76
32.10 120.74
31.90 114.09
39.94 116.69
40.20 117.04
40.51 117.06
42.35 117.39
34.80 117.24
40.22 116.19
39.98 116.18
40.13 117.08
40.10 116.33
39.97 117.45
40.73 120.74
39.15 117.06
39.87 116.68
37.86 113.40
39.94 116.76
40.06 116.52
36.67 101.41
39.11 116.98
35.48 114.09
35.63 114.19
42.39 117.36
40.10 116.36
38.63 114.75
34.45 115.65
37.60 114.59
32.00 114.09
31.95 114.09
40.41 116.63
39.97 119.79
42.38 117.37
42.37 117.38
28.68 115.90
35.56 116.84
37.86 112.55
40.55 116.42
40.36 116.80
40.18 116.12
30.53 114.33
40.04 115.87
36.17 106.55
36.76 116.78
27.70 111.67
39.85 116.43
39.99 116.51
40.59 116.79
42.58 117.27
39.80 115.61
37.00 111.89
31.66 104.72
37.95 114.50
40.08 116.51
40.31 116.59
40.17 116.20
31.57 120.33
37.87 113.17
39.36 115.88
39.83 116.26
39.82 116.54
36.75 100.77
39.75 116.50
39.73 116.13
36.00 103.97
40.56 116.10
34.24 108.91
41.29 117.81
38.30 116.87
40.17 117.14
39.68 115.94
39.92 119.22
39.81 118.08
39.23 118.05
34.37 112.57
36.71 116.82
36.49 100.80
30.29 111.53
30.24 120.17
30.50 114.33
39.85 116.25
37.42 116.29
40.17 116.64
38.06 114.45
30.22 120.08
35.88 114.33
32.49 117.16
30.73 114.40
41.42 117.72
40.10 116.55
39.70 119.32
41.33 117.75
39.06 116.99
36.72 116.81
27.74 111.30
27.73 111.30
39.53 116.70
40.43 116.55
30.16 120.08
29.57 106.45
34.72 111.33
39.79 116.39
28.71 109.96
40.63 117.25
39.57 113.81
39.07 116.99
35.19 117.08
34.75 117.26
34.38 117.26
29.43 105.75
39.98 116.24
31.98 114.09
39.68 116.33
30.93 117.80
40.00 115.95
35.10 117.14
34.35 117.24
39.60 116.08
39.81 116.60
28.24 113.04
42.46 117.22
34.43 117.30
34.56 110.14
40.17 117.21
39.79 116.46
33.37 114.03
39.95 116.83
39.71 116.03
39.75 116.15
41.19 117.79
40.00 116.15
35.52 116.86
35.97 117.10
30.17 118.16
30.11 116.03
40.12 116.24
39.05 116.99
36.56 116.86
43.16 117.56
36.10 120.46
37.39 114.56
37.72 114.56
40.07 116.28
41.13 117.70
39.95 117.50
41.93 117.77
35.07 117.15
30.13 118.18
39.74 117.68
36.57 116.89
40.98 117.51
40.20 117.32
40.48 117.02
39.93 117.55
39.99 115.96
40.07 115.72
32.63 117.00
36.53 116.84
36.52 116.84
40.94 117.77
39.83 116.53
39.83 119.49
31.82 117.30
39.67 118.17
40.32 116.62
40.24 117.16
35.24 117.05
32.02 105.12
37.71 114.57
31.27 104.43
30.75 104.09
40.72 120.73
29.56 106.57
37.41 116.30
36.26 116.98
39.93 116.01
30.71 104.10
40.61 117.75
36.58 116.90
36.16 117.11
40.60 117.46
40.60 117.48
29.62 106.72
40.18 116.16
36.83 100.80
38.68 116.88
27.60 113.04
34.47 117.32
37.56 112.21
30.06 118.16
37.86 113.35
40.17 116.37
36.15 103.50
40.17 116.25
37.90 102.62
40.16 117.10
39.99 116.07
34.55 110.73
43.24 116.71
39.96 119.59
37.21 112.18
40.34 116.57
27.71 118.00
40.21 116.19
39.84 116.44
39.93 116.57
41.38 117.73
30.58 104.07
40.08 116.39
39.98 116.81
39.93 119.60
40.34 116.79
40.31 116.33
30.73 104.14
40.95 117.78
29.61 119.05
35.70 114.24
40.44 116.02
38.90 116.35
40.09 116.18
36.23 120.58
30.92 103.48
39.18 115.74
37.89 114.51
40.15 116.27
41.36 117.75
39.68 116.34
35.57 116.83
32.14 114.07
31.97 114.09
39.95 115.06
39.84 115.58
34.41 117.29
36.64 114.47
39.53 116.73
32.55 120.50
36.80 116.76
35.77 117.06
38.69 115.13
35.34 113.86
34.55 106.21
39.85 116.44
41.26 117.86
40.12 117.16
39.97 115.94
33.84 115.79
40.24 116.79
40.39 116.82
38.95 116.93
40.13 117.20
39.94 116.44
36.38 114.36
40.08 116.15
40.02 117.46
36.50 116.85
39.02 115.63
40.07 116.53
40.37 116.85
36.05 120.33
40.56 116.71
36.48 115.94
40.59 116.82
41.28 117.82
36.05 120.34
39.16 117.13
31.19 117.27
39.53 116.00
40.20 116.52
31.61 114.88
34.19 117.19
30.14 118.17
39.44 116.30
40.11 116.67
34.25 108.91
40.38 116.08
42.24 117.50
30.24 120.43
33.33 106.14
40.05 116.51
32.38 105.63
31.58 120.39
31.64 120.37
39.93 116.69
31.94 105.04
39.92 116.59
40.07 115.71
39.89 116.60
39.95 116.19
39.63 116.83
40.67 117.26
40.41 116.47
39.06 113.67
40.27 116.27
42.55 117.17
37.01 114.49
35.33 116.98
36.36 101.44
36.59 116.24
41.23 117.80
35.95 117.09
40.66 116.24
37.62 114.59
40.70 116.55
30.96 113.92
36.14 103.35
39.81 115.60
39.43 115.94
40.24 116.28
40.01 116.68
39.72 117.49
42.38 116.88
30.23 120.42
34.58 117.36
40.32 115.72
40.22 116.28
39.90 119.54
40.43 116.58
32.91 115.86
43.09 116.05
36.07 120.39
30.58 103.96
30.70 104.04
39.63 116.07
39.76 117.79
39.99 115.04
40.16 116.53
40.24 116.30
36.48 100.82
39.39 116.64
30.28 120.23
43.46 117.72
40.41 116.26
39.61 116.32
40.10 116.57
43.32 117.07
40.01 115.70
30.69 104.05
42.57 117.27
39.81 115.58
30.99 103.62
40.09 116.45
30.92 103.49
32.20 119.44
35.77 114.27
38.61 115.02
39.93 116.05
34.42 116.33
39.87 116.17
31.79 117.30
40.32 115.73
37.78 113.72
37.39 102.93
36.19 117.10
32.10 118.77
32.94 117.37
40.15 116.92
31.60 120.25
39.59 116.76
40.08 116.47
40.01 116.05
34.28 108.95
40.08 116.91
42.33 117.44
39.42 115.93
34.69 112.43
36.14 114.33
39.38 117.50
40.99 117.48
40.09 116.40
30.59 104.15
39.82 115.82
37.42 110.78
39.68 116.10
30.14 107.03
32.63 115.53
36.07 120.31
40.45 115.97
39.64 116.65
40.42 117.22
30.75 120.49
30.86 117.62
31.25 117.27
30.72 104.16
40.07 115.73
38.12 114.52
30.30 118.15
34.99 113.53
43.32 117.56
39.82 115.98
31.51 117.24
40.35 116.80
39.72 116.08
39.92 117.56
39.64 115.53
33.65 116.99
30.25 120.05
37.02 114.49
40.10 116.42
39.72 119.34
41.71 117.86
33.61 117.01
35.44 114.06
40.01 116.04
36.21 120.61
40.00 119.75
36.15 114.33
29.57 106.58
40.26 116.62
27.64 117.93
34.69 111.08
36.41 101.27
36.36 101.42
39.84 116.53
30.93 106.24
28.67 115.90
40.33 116.56
32.08 114.11
30.70 104.07
39.59 116.03
40.20 116.11
30.94 117.81
40.41 116.34
28.22 102.17
40.19 116.28
40.33 116.34
39.99 115.03
39.37 115.89
40.81 117.37
28.23 113.00
31.85 117.28
40.05 116.56
40.00 117.08
42.49 117.13
37.01 111.85
31.34 117.17
37.03 111.83
39.76 118.69
30.17 120.26
37.76 116.53
30.16 120.32
39.94 116.22
34.52 109.91
32.58 115.47
40.06 116.28
40.37 116.33
39.92 116.58
31.15 114.96
36.18 120.38
32.96 117.35
34.49 116.93
40.15 116.87
40.02 119.52
42.22 117.51
31.60 120.29
41.44 117.73
40.03 113.95
35.32 116.99
34.79 113.63
34.58 108.21
40.12 116.21
34.53 108.26
40.00 116.57
37.48 111.28
35.99 117.10
40.05 116.44
30.56 104.07
34.37 107.15
39.83 116.19
40.18 116.41
39.64 116.66
40.00 116.72
39.59 115.90
32.93 117.39
36.06 120.39
34.97 113.52
39.75 116.32
36.67 116.97
39.90 119.53
38.56 115.00
36.86 100.78
39.94 116.82
36.87 111.76
40.13 116.72
42.18 117.55
37.50 102.93
30.59 117.93
40.39 116.36
38.32 114.67
40.17 116.35
38.88 114.05
40.15 116.28
40.01 116.18
39.93 116.58
40.14 116.33
34.52 106.48
39.83 114.45
40.20 116.00
30.23 120.12
41.59 117.76
39.80 116.40
30.24 120.04
30.95 117.94
40.02 116.56
40.45 115.79
39.80 116.37
36.13 114.33
38.06 116.58
36.05 117.14
38.08 114.49
39.93 116.51
39.61 116.11
40.39 116.85
41.99 117.68
35.40 113.94
36.58 116.23
42.00 117.68
39.76 116.22
40.15 116.85
29.02 115.80
40.61 116.81
27.66 117.98
40.09 116.13
39.85 116.54
39.96 116.80
39.93 119.59
40.36 116.68
39.20 117.11
36.27 103.74
40.07 116.57
40.15 116.84
30.59 115.00
39.80 116.39
30.76 103.99
27.65 117.95
39.78 116.53
39.91 116.70
33.64 116.99
28.20 113.21
34.72 117.28
40.18 116.13
40.15 117.10
31.58 120.36
40.28 116.36
30.23 120.14
39.35 118.62
39.86 116.17
40.12 115.91
40.19 116.40
39.13 117.24
37.88 113.77
40.02 115.01
29.74 106.63
40.71 116.52
39.60 116.04
29.65 113.81
40.45 115.31
33.78 119.79
39.94 115.04
42.65 117.13
37.79 116.54
29.60 106.51
40.29 116.21
35.55 116.84
28.20 102.07
39.84 116.42
30.77 114.21
40.67 116.66
39.93 116.21
40.35 117.39
40.46 116.00
34.55 110.66
40.10 116.21
39.73 116.12
36.16 120.37
31.35 118.38
40.02 116.20
40.40 115.55
40.36 116.81
39.98 116.77
39.88 116.68
41.96 117.75
36.06 120.38
40.38 115.85
40.00 116.16
40.89 117.77
40.59 116.73
40.69 116.58
30.71 104.04
30.72 104.03
41.70 117.86
39.83 119.40
40.41 116.54
39.14 116.99
39.95 116.18
40.06 116.20
34.25 108.95
39.84 116.17
40.06 116.16
39.96 115.92
43.38 116.71
38.86 115.48
40.15 116.54
34.53 106.45
30.21 120.08
34.38 106.68
39.65 116.11
40.15 116.94
29.57 106.46
30.73 104.02
40.73 117.33
40.31 116.62
31.48 120.23
30.69 104.03
36.53 114.90
34.70 112.51
41.95 117.75
40.13 116.15
40.22 116.64
39.94 116.09
37.69 112.73
40.46 115.99
39.97 116.53
43.40 116.67
40.87 117.28
31.58 117.22
40.23 116.11
36.86 100.87
36.90 114.49
31.86 104.87
39.91 119.62
30.23 119.97
30.51 104.06
39.99 117.41
38.31 116.87
39.95 116.60
38.10 114.52
40.18 116.69
38.71 115.16
34.23 108.94
39.14 117.00
35.12 113.69
34.24 108.89
40.99 117.45
36.05 120.35
30.60 114.26
36.95 100.90
36.76 100.77
36.41 101.00
36.03 103.95
39.92 116.56
40.69 116.44
40.42 116.45
32.94 117.38
40.23 120.15
40.25 116.22
34.90 117.24
39.72 116.09
39.76 116.13
34.93 113.53
36.05 103.85
40.01 115.02
40.34 115.76
40.01 116.42
39.93 116.28
35.28 113.85
39.55 116.63
40.36 116.56
29.11 110.48
40.29 116.67
38.11 114.51
39.67 116.10
41.00 114.73
40.10 116.65
30.66 104.12
39.70 119.16
33.49 116.95
40.15 116.30
27.65 117.98
33.18 117.10
34.57 108.21
40.13 117.12
42.53 117.19
38.92 113.79
36.61 101.81
40.05 116.11
27.43 113.10
40.95 117.34
39.76 118.70
40.40 116.26
37.84 112.55
37.45 116.28
40.49 116.21
30.60 114.29
39.94 116.81
40.14 116.92
43.86 116.09
39.93 116.13
39.97 116.61
40.90 117.32
31.68 117.17
34.23 108.91
42.34 117.41
40.21 116.25
39.97 116.78
39.83 115.60
39.12 117.14
39.98 116.08
31.22 117.15
36.86 100.92
39.92 116.61
39.71 116.05
32.94 117.39
40.13 116.60
39.51 116.50
35.79 114.29
30.68 104.06
37.01 111.84
37.78 112.59
40.14 117.05
39.90 116.52
40.37 116.69
39.80 116.41
36.07 120.32
40.07 117.01
34.47 106.58
40.44 116.66
32.09 118.78
42.32 117.49
30.07 115.51
40.29 116.62
31.62 117.21
40.47 117.02
39.11 117.33
42.44 117.27
40.48 116.37
39.90 116.20
40.33 115.77
40.12 116.46
36.68 117.03
36.39 119.77
35.76 114.27
36.17 103.23
42.63 117.24
40.07 117.02
40.21 116.35
43.30 116.24
40.20 116.40
40.58 116.81
33.97 114.51
38.82 116.88
42.66 117.12
37.62 112.26
39.39 116.96
40.27 116.39
32.01 119.59
39.82 115.59
36.18 117.11
30.06 118.17
31.27 117.26
38.54 114.99
31.56 120.32
34.24 117.20
40.07 116.23
33.84 106.42
40.57 116.70
34.83 113.60
36.51 103.62
32.18 105.28
40.37 116.36
37.41 110.79
40.99 117.92
40.20 116.21
40.06 117.00
40.06 116.07
39.98 116.04
39.85 119.39
34.31 117.22
39.95 116.17
39.89 116.22
40.94 117.35
40.24 116.77
39.90 116.18
37.06 114.48
40.05 116.01
39.89 116.52
29.80 106.96
35.35 104.92
29.60 106.53
28.09 113.00
40.70 116.53
39.01 113.59
36.06 120.34
39.57 116.52
40.17 116.17
39.81 118.10
40.12 116.35
30.88 103.58
40.38 116.55
42.09 117.09
40.04 119.82
40.08 116.23
40.17 116.63
35.78 114.28
40.08 116.45
43.92 117.18
40.41 116.64
40.63 116.14
39.77 116.16
39.75 116.57
40.09 117.07
33.55 114.04
39.89 116.63
31.71 117.14
36.78 118.07
39.79 116.27
39.62 116.30
39.86 116.54
31.59 120.37
31.83 117.27
39.71 116.10
40.65 117.27
39.54 116.65
31.78 117.30
40.00 116.52
40.33 115.97
27.53 113.16
31.33 120.61
39.77 116.51
40.45 115.88
35.41 117.01
39.90 116.55
37.44 110.92
39.86 116.57
34.86 113.58
32.99 114.04
39.58 116.24
40.15 116.31
35.23 115.50
38.99 113.59
31.65 117.19
40.06 116.03
30.17 120.28
40.14 116.44
34.79 117.25
38.65 101.53
40.61 117.46
37.08 114.49
40.55 116.78
40.01 116.20
39.84 116.30
31.72 117.15
39.94 115.05
39.95 116.65
29.87 118.61
29.44 111.16
39.71 116.36
40.04 116.28
38.37 102.06
34.39 106.87
40.47 115.99
40.00 116.02
39.76 116.56
40.81 117.21
40.07 116.27
40.36 116.38
39.82 118.12
39.84 115.57
39.79 117.01
28.14 110.84
27.66 111.47
30.63 114.27
32.52 120.14
42.54 117.17
39.97 115.05
40.07 116.19
39.74 116.31
38.85 115.46
40.37 116.81
30.59 114.29
40.08 116.61
40.93 117.32
38.96 116.13
31.77 117.21
39.12 117.24
39.11 117.21
39.63 116.46
40.35 116.78
40.45 116.01
40.19 116.53
30.13 118.17
39.95 115.98
40.62 117.76
40.07 117.00
40.33 115.81
30.22 120.13
30.67 104.06
35.30 113.85
40.54 116.67
39.90 116.10
34.06 106.69
40.66 117.27
34.23 106.89
40.99 117.46
34.56 105.92
32.95 117.37
40.99 117.97
39.12 117.17
39.05 116.80
38.01 114.48
40.39 116.67
33.60 114.03
40.26 116.16
35.32 113.86
40.26 116.22
39.81 116.28
34.21 108.95
29.89 114.29
40.16 116.52
31.42 120.10
30.27 120.18
37.85 112.57
40.40 116.68
31.33 120.57
37.84 112.57
33.59 114.04
39.76 116.54
40.23 116.86
31.88 117.30
40.37 116.24
39.88 116.24
40.18 116.38
40.11 116.55
36.52 102.04
37.34 116.39
32.51 120.15
31.57 120.32
40.13 117.19
40.47 116.22
43.97 117.51
39.77 116.44
40.56 116.77
34.23 108.90
40.20 116.23
39.99 116.09
30.68 104.05
40.12 116.32
41.00 117.97
40.13 116.65
31.73 117.16
40.08 116.05
39.90 116.56
39.97 119.80
34.73 113.66
40.63 116.74
39.86 116.13
30.58 114.26
31.74 117.27
40.66 117.16
30.93 117.81
30.25 120.15
39.56 116.03
39.93 116.20
40.08 116.28
40.05 116.03
40.16 116.48
40.37 115.91
43.53 117.22
40.05 116.36
35.89 104.19
40.85 117.41
42.10 117.65
28.31 112.97
31.55 120.44
40.12 117.11
36.98 111.82
39.98 116.17
38.39 114.77
39.33 117.08
37.70 112.72
40.21 116.64
39.66 116.07
39.65 116.07
40.05 116.13
30.49 114.33
40.91 117.95
43.94 116.07
39.66 116.41
43.93 116.08
38.40 114.78
34.25 108.92
39.81 118.11
40.39 116.58
43.30 116.84
37.83 112.56
41.18 114.68
27.61 111.82
30.26 120.13
37.52 111.14
39.71 116.35
37.21 112.17
38.29 114.67
35.72 104.53
40.17 116.67
39.27 117.80
40.21 116.12
40.39 116.68
34.27 107.98
30.66 104.06
39.35 117.06
34.37 106.70
32.13 114.08
40.11 116.65
39.93 116.22
40.00 115.03
39.50 118.68
30.19 120.23
40.98 117.40
40.91 117.31
40.06 116.50
40.82 117.24
30.71 104.05
36.84 100.80
40.14 116.60
30.18 120.27
40.16 116.51
29.81 115.98
39.73 116.31
38.06 114.49
29.50 113.41
32.95 117.35
40.15 116.81
40.00 116.56
40.24 116.12
39.32 118.46
40.07 116.08
39.93 116.17
41.31 117.72
39.85 116.42
40.31 116.32
40.06 116.06
39.65 116.43
40.35 116.40
40.35 115.76
38.99 113.58
37.20 112.17
37.41 110.78
40.92 117.32
31.82 117.25
35.08 117.15
39.85 116.62
37.82 112.56
40.09 117.10
39.80 116.45
41.93 117.75
41.95 117.77
43.96 117.53
34.04 119.87
36.59 116.25
31.66 120.58
34.77 113.64
40.25 116.21
43.40 116.66
40.53 117.11
35.31 113.85
37.74 115.69
30.16 120.28
40.84 117.39
37.02 111.83
39.52 116.70
30.58 104.06
40.06 116.11
36.94 100.89
36.49 101.57
40.04 116.18
40.09 116.52
40.57 116.69
39.90 116.23
40.16 116.18
40.21 116.27
40.92 117.95
39.16 117.14
40.04 116.59
32.10 118.72
39.80 117.00
40.45 115.98
40.08 116.37
40.07 116.17
31.56 120.27
40.43 116.56
40.36 116.43
39.95 115.91
40.45 116.99
39.99 116.06
40.60 116.78
40.22 116.41
40.41 116.84
40.06 116.08
40.00 116.47
42.65 117.12
39.93 116.00
39.13 117.19
39.83 119.47
40.04 116.04
33.32 116.30
38.07 114.46
31.60 120.32
39.93 115.99
36.79 118.04
40.72 114.91
30.52 104.05
39.84 116.37
30.25 120.16
32.24 120.75
40.71 117.30
40.23 116.08
40.11 116.20
39.97 116.54
39.91 119.56
34.44 107.90
40.14 116.59
39.66 113.71
40.10 116.11
32.93 117.40
39.81 116.17
40.12 116.44
39.72 116.70
40.25 116.30
39.29 117.11
39.98 116.03
40.31 116.16
43.34 116.41
34.25 117.20
39.94 115.99
37.17 116.44
38.02 114.48
36.46 115.94
38.28 114.66
39.15 117.15
40.31 116.63
39.92 116.25
40.21 116.28
30.56 114.34
39.44 116.84
40.11 117.11
34.51 110.86
35.94 104.19
39.57 113.18
40.12 116.49
40.66 117.17
40.23 116.23
40.54 116.81
40.04 116.40
40.63 116.70
34.25 108.94
44.55 115.76
36.69 101.28
40.01 116.43
39.59 116.24
29.72 106.64
40.26 117.23
27.54 112.01
40.00 116.09
38.93 116.92
41.00 117.96
40.60 116.81
40.33 116.64
39.79 116.48
39.11 116.37
37.77 102.75
34.28 108.92
39.96 116.18
40.16 116.24
39.63 119.31
33.85 115.79
36.48 102.27
39.94 115.98
41.93 117.76
30.77 114.89
40.50 116.82
39.84 116.35
39.86 116.53
40.23 116.12
39.76 117.33
39.96 116.26
40.62 116.11
40.09 116.32
40.07 116.09
39.84 116.39
34.77 114.35
40.09 116.17
42.52 117.19
39.94 116.50
40.55 116.67
39.73 116.28
42.69 117.34
43.95 117.52
39.90 119.80
29.71 116.00
43.94 116.08
39.71 116.41
39.54 116.70
32.95 117.36
36.53 101.17
30.25 120.13
39.53 116.50
40.34 116.85
34.27 107.92
40.38 115.88
39.73 116.32
42.58 117.17
40.14 117.09
36.04 103.84
37.47 116.39
30.70 104.05
30.26 120.16
40.58 116.73
39.77 116.54
31.69 120.40
39.81 119.42
34.72 111.45
39.72 116.33
40.12 116.57
34.40 109.22
40.24 115.96
40.98 117.82
40.34 116.49
29.17 115.75
39.85 116.30
40.56 116.70
39.88 116.49
38.18 115.70
34.21 112.72
40.15 116.65
31.84 117.27
30.59 114.27
38.04 114.48
39.72 116.35
33.74 106.26
39.52 116.50
40.67 117.15
40.12 116.59
40.13 116.36
30.54 114.33
39.37 117.01
40.14 117.01
39.81 119.52
39.84 116.27
30.66 104.07
40.05 116.08
40.37 116.84
39.75 116.30
39.99 116.04
40.45 117.00
39.96 115.05
29.72 118.29
39.79 116.31
39.98 116.23
40.35 115.98
31.70 112.13
40.57 116.79
39.72 116.14
28.58 109.92
38.07 114.49
40.03 116.20
39.86 116.30
36.20 120.61
40.92 117.31
34.28 117.20
40.35 116.65
30.53 114.34
40.35 116.02
40.67 117.27
38.79 116.74
36.11 114.33
30.53 114.35
37.83 112.58
42.53 117.21
39.64 118.17
39.99 116.05
40.07 116.43
42.53 117.14
40.13 117.09
40.12 116.61
30.92 117.82
40.11 116.46
36.60 114.47
40.48 116.35
40.17 116.32
27.65 117.97
40.12 116.63
39.87 116.20
39.01 116.38
40.08 116.25
39.97 115.04
31.59 120.29
39.67 116.66
40.29 116.06
39.80 116.38
34.22 117.23
39.74 116.39
40.11 113.14
40.53 116.81
39.98 116.58
40.41 116.31
40.13 116.62
40.39 116.84
39.95 116.66
36.62 101.79
36.61 114.47
36.03 103.83
39.83 116.27
42.52 117.17
38.99 116.11
43.42 116.62
30.53 104.05
39.97 116.50
31.83 117.26
34.25 108.93
40.08 116.03
34.50 106.51
40.14 116.13
30.68 104.07
40.59 116.78
33.56 114.04
34.22 108.94
32.15 118.55
39.99 116.68
37.07 114.49
36.89 111.95
40.04 116.66
40.54 116.01
39.90 116.62
40.21 116.11
30.30 118.20
30.18 120.28
40.51 117.07
37.63 112.33
31.62 117.88
39.90 116.65
40.38 116.25
40.96 117.94
37.35 110.74
40.33 116.65
40.71 117.17
39.73 116.14
39.64 116.81
34.23 117.55
40.11 116.37
34.33 118.34
39.82 116.27
34.37 118.53
38.87 115.48
40.11 116.62
39.81 119.44
39.64 119.31
40.83 117.37
39.79 116.45
40.04 116.50
39.79 119.43
39.99 116.24
30.22 120.23
30.94 117.84
31.51 117.15
36.10 114.33
40.99 117.95
31.59 120.34
39.93 119.58
31.58 114.88
40.05 116.16
40.09 116.59
40.06 115.75
40.30 116.01
39.15 117.17
41.79 117.89
40.61 116.79
42.53 117.26
31.51 120.45
40.05 116.26
34.54 117.42
34.74 113.66
40.49 117.05
40.63 117.18
36.58 116.25
39.78 114.37
38.56 113.76
30.64 120.73
36.21 120.60
40.08 115.03
39.97 116.09
42.34 117.47
40.14 117.10
30.75 120.47
31.61 120.21
39.09 117.14
40.32 116.64
40.26 116.19
39.02 117.03
40.08 116.11
38.64 116.85
40.07 116.06
39.83 119.53
28.84 115.90
40.31 116.01
40.08 116.53
40.12 116.36
39.10 117.17
40.15 116.32
40.32 116.32
44.28 115.94
40.10 116.40
34.76 113.65
39.96 116.58
36.08 110.03
39.81 116.52
39.89 116.23
40.51 116.81
32.80 114.52
39.89 116.66
31.65 120.38
36.70 119.08
37.78 113.71
39.82 119.53
33.86 108.57
40.00 116.19
36.06 120.32
39.73 116.11
39.88 116.32
40.36 116.66
36.98 100.88
40.53 116.15
36.88 100.76
39.26 117.13
40.00 116.21
40.68 117.25
39.79 116.38
31.62 120.21
30.54 114.35
40.11 116.07
39.93 116.25
36.26 103.02
34.24 108.96
40.10 116.20
39.25 117.14
33.58 114.04
40.10 116.58
40.62 117.08
35.43 104.89
40.03 117.36
40.07 116.55
35.24 105.20
39.79 116.29
40.53 117.10
42.41 117.26
39.81 116.45
31.60 120.30
39.50 118.67
40.24 116.52
30.31 120.35
40.13 116.49
38.53 114.97
36.05 103.84
40.07 116.07
27.47 102.17
40.13 116.40
40.63 116.75
39.18 117.17
39.83 115.59
40.19 116.19
34.72 111.28
34.52 110.06
39.84 116.29
39.85 116.29
39.72 116.32
39.81 116.57
32.51 120.14
30.48 114.34
40.34 115.98
42.02 115.30
34.41 109.22
30.13 118.16
36.03 103.85
40.52 116.81
32.24 120.76
39.93 116.68
42.41 117.25
39.81 116.07
39.92 116.57
41.94 117.76
40.11 116.56
40.83 117.38
39.12 117.62
40.37 115.95
39.81 116.12
40.54 117.11
39.79 119.41
39.11 117.19
34.24 108.94
39.81 119.46
39.85 116.21
29.08 113.69
42.54 117.14
38.03 114.48
39.86 116.50
40.30 116.15
30.18 120.26
39.96 116.50
37.70 112.97
38.90 115.85
40.12 116.65
39.92 116.64
39.17 117.18
39.94 115.62
38.07 116.66
39.95 116.58
34.21 108.92
40.10 116.19
40.07 116.13
38.98 116.13
40.65 116.18
37.87 112.56
40.04 116.51
33.20 106.04
30.78 104.11
43.83 116.49
39.86 116.65
30.18 120.30
34.24 108.90
34.27 108.94
40.73 117.32
40.28 116.63
39.96 116.09
37.67 112.74
33.33 116.32
40.01 116.49
39.71 119.16
32.73 118.03
40.37 116.67
42.48 117.27
40.95 114.73
39.12 117.20
40.07 116.11
40.12 116.47
39.89 116.64
39.11 117.18
40.06 116.12
39.84 116.36
29.75 105.79
39.94 116.11
39.51 118.66
39.95 115.89
37.96 115.90
30.17 120.30
40.43 115.98
40.68 117.24
42.17 116.75
40.06 116.36
40.04 116.60
40.72 117.30
39.93 116.18
39.95 116.81
31.60 120.22
30.58 114.29
40.28 116.71
42.54 117.00
30.48 114.36
40.73 117.31
40.41 116.95
40.30 116.60
31.98 114.51
30.48 114.38
42.66 116.93
40.02 116.62
40.71 116.61
40.00 115.64
40.55 116.81
40.26 116.26
40.01 119.75
39.75 116.14
43.24 117.53
40.07 116.29
40.24 116.21
36.62 101.80
40.06 116.35
40.57 117.15
27.64 117.96
36.63 101.75
39.96 116.17
39.16 117.16
43.29 116.12
39.78 116.52
39.79 116.49
39.11 117.16
40.63 116.69
39.81 116.55
32.82 117.90
40.11 113.13
40.25 116.26
37.93 113.92
40.56 117.14
39.78 116.33
31.34 118.38
40.29 116.24
42.59 117.15
40.36 116.83
40.33 115.80
40.94 117.33
40.07 116.15
40.01 119.76
30.51 114.34
40.29 116.64
39.78 116.31
40.70 117.16
39.98 115.04
39.87 116.57
40.30 116.64
39.82 116.07
40.46 115.98
28.91 113.09
40.28 116.73
39.40 116.31
29.71 119.61
40.13 116.55
40.27 116.23
40.00 116.18
37.91 102.61
37.82 112.55
39.82 116.31
39.03 117.67
40.07 116.22
40.36 115.95
39.79 116.65
31.00 103.61
39.48 116.19
39.37 116.54
39.78 116.18
40.47 116.83
32.29 105.48
33.57 114.04
40.11 116.52
40.55 117.14
40.50 117.06
39.11 117.20
40.02 116.55
39.63 116.32
39.62 116.32
40.00 116.44
39.99 116.70
40.01 116.29
40.35 115.99
40.09 116.09
40.23 116.18
40.46 117.02
42.54 117.15
39.84 116.20
39.65 116.66
40.13 116.41
37.00 111.84
40.36 115.90
39.89 116.02
40.08 116.44
34.27 107.99
39.83 115.58
39.88 116.02
32.63 117.02
38.05 114.49
39.89 116.65
40.07 116.16
40.29 116.66
32.98 114.02
39.85 116.61
40.00 116.48
39.74 116.14
36.61 101.82
40.13 116.13
40.99 117.93
29.48 113.47
28.20 113.01
31.61 120.32
30.53 114.36
39.99 116.28
40.54 117.13
35.81 116.77
34.25 108.96
39.14 117.19
41.01 117.96
43.83 116.14
30.26 120.15
39.94 116.58
40.41 116.96
39.95 119.59
37.85 112.58
40.42 116.34
30.27 120.15
31.03 106.29
32.20 119.43
39.96 116.54
39.93 116.10
40.07 116.52
39.80 116.50
40.09 116.34
40.12 116.56
39.91 116.22
31.52 117.24
34.75 113.65
39.89 116.67
40.06 116.30
40.31 116.65
40.00 119.61
40.25 116.12
39.95 116.22
40.02 116.26
41.94 117.75
39.83 119.52
40.05 116.53
39.86 116.11
39.65 118.16
39.91 116.63
32.30 118.33
39.87 116.55
40.06 116.42
40.30 116.24
39.92 116.11
38.86 115.47
31.89 117.31
40.24 117.04
41.00 117.95
40.04 116.44
33.86 113.04
39.82 116.45
40.04 116.22
40.12 116.62
39.93 116.11
29.07 110.34
28.88 109.99
39.85 116.41
43.54 116.12
39.95 115.05
39.83 116.23
40.93 117.33
40.46 115.77
39.77 116.53
39.97 116.17
40.99 117.90
33.79 119.78
39.56 113.18
39.92 116.50
40.12 116.55
39.80 119.43
39.71 116.09
39.87 116.65
39.86 116.12
39.83 116.07
30.28 115.41
40.27 116.67
39.81 116.18
34.28 108.96
43.30 116.26
36.99 111.82
39.92 118.89
40.40 116.58
40.06 116.04
39.90 116.61
40.38 116.88
40.22 116.51
40.45 117.01
32.09 118.73
39.89 116.10
40.07 116.21
39.81 116.19
30.53 114.29
39.86 116.56
40.27 116.60
40.18 116.36
40.38 116.84
39.62 118.11
30.53 114.30
39.13 117.22
39.00 113.59
36.58 116.24
40.94 117.34
27.64 117.97
32.92 115.86
39.80 119.42
34.20 108.92
40.05 116.43
39.66 116.67
39.84 116.23
39.81 116.16
40.29 116.58
36.63 101.76
39.76 116.35
40.03 116.39
40.21 116.23
39.95 116.53
40.14 116.11
40.56 116.80
40.36 115.96
40.27 116.61
40.07 116.14
39.69 119.24
39.88 116.33
36.06 103.86
39.10 117.22
31.72 116.50
40.34 116.64
39.83 119.48
40.27 116.28
36.45 101.10
31.59 120.35
40.06 116.54
40.00 119.76
30.66 104.09
40.26 116.27
39.79 116.19
39.93 116.26
39.91 116.11
40.21 116.26
39.12 117.19
40.08 116.55
39.15 117.81
39.70 116.31
39.90 116.49
40.35 116.64
42.53 117.23
30.54 114.32
40.07 116.03
40.09 116.12
39.51 116.70
34.26 117.20
39.39 115.83
40.14 117.11
40.24 116.15
40.41 116.68
40.96 117.95
39.86 116.23
32.99 114.03
39.22 117.16
37.80 112.59
39.62 116.31
32.10 118.74
30.67 104.05
40.09 116.50
40.36 116.61
39.93 116.19
40.23 116.26
39.83 116.46
40.14 117.12
39.90 116.03
40.28 116.74
40.32 116.65
36.49 102.17
34.22 108.96
40.05 116.10
41.80 117.82
40.24 116.29
40.27 116.62
40.36 115.89
39.97 116.45
33.08 118.98
40.04 116.24
39.78 119.42
30.51 104.05
40.54 117.12
40.28 116.24
39.58 116.21
38.04 114.49
40.10 113.30
39.87 116.52
42.55 117.16
37.84 112.56
40.04 117.08
30.55 114.31
27.43 113.52
40.01 116.26
40.22 116.22
30.85 106.14
40.10 116.07
40.00 116.17
39.87 116.66
40.02 115.51
32.29 105.44
39.76 116.27
40.24 116.13
32.12 105.09
40.02 116.51
32.28 120.17
40.10 116.18
40.04 116.20
39.14 117.21
39.83 119.51
38.71 116.93
40.11 116.68
40.01 116.56
43.94 116.09
39.51 118.67
39.96 116.52
31.34 120.64
37.82 112.57
39.83 116.43
40.06 116.53
40.36 116.65
29.83 107.07
39.64 115.62
32.09 118.79
39.96 115.88
40.27 116.63
39.15 117.18
40.07 116.59
34.27 108.93
30.74 104.14
39.18 117.19
38.69 116.88
39.92 116.49
40.35 116.00
31.85 117.19
39.94 116.10
42.21 116.48
31.58 120.32
40.12 116.42
39.97 116.52
31.86 117.28
28.85 115.90
37.86 112.58
39.92 116.15
41.78 117.89
40.24 117.15
39.82 119.51
43.18 116.13
40.06 116.10
36.69 117.06
39.79 116.26
40.32 116.04
40.07 116.54
39.85 116.38
30.60 104.13
39.14 117.18
39.78 116.45
39.89 116.49
29.58 106.45
39.74 116.13
30.65 104.05
40.05 116.28
39.20 117.18
40.34 116.82
40.08 116.26
39.92 116.52
39.91 116.23
39.88 116.66
34.27 108.97
40.39 116.89
30.25 120.18
37.86 112.56
40.12 116.41
40.90 117.33
40.26 117.24
39.87 116.53
30.27 120.17
40.09 116.58
35.12 114.79
40.05 116.09
40.27 116.10
27.64 117.95
39.68 116.31
40.13 116.42
40.37 116.83
30.54 114.29
40.09 116.27
39.84 116.46
31.59 120.33
39.80 116.47
40.24 115.97
37.81 112.58
34.30 108.55
40.09 116.33
39.79 116.53
40.11 116.41
39.78 116.27
29.58 113.73
30.17 120.31
27.65 117.94
40.04 116.36
40.26 116.11
30.28 120.16
40.23 116.16
40.08 116.35
39.82 119.47
39.90 116.60
39.83 116.36
40.13 116.34
40.03 116.37
39.82 116.21
40.29 116.07
40.25 116.09
39.88 115.55
32.97 114.01
40.10 116.63
30.27 120.16
39.86 116.62
40.25 117.15
40.10 116.52
31.59 120.32
40.36 115.97
41.95 117.76
34.40 106.63
39.82 119.49
39.94 116.29
39.85 116.27
40.22 116.44
40.56 116.78
40.25 117.16
40.04 116.21
40.13 116.14
39.94 116.20
30.66 104.08
40.06 116.56
37.82 112.87
40.34 116.83
40.07 116.02
39.81 116.15
39.68 116.32
39.89 116.42
40.01 116.47
40.33 116.03
40.38 115.90
40.09 116.28
40.24 116.26
40.66 117.28
40.15 116.53
40.03 116.28
31.59 120.36
30.48 114.35
39.83 116.38
34.19 106.82
31.84 117.26
40.02 116.27
37.26 115.72
40.25 116.17
39.11 117.17
40.46 115.97
29.71 113.88
39.90 116.63
39.70 119.33
39.87 116.08
39.84 116.41
34.86 105.65
39.21 117.17
40.38 116.89
39.95 116.24
38.17 115.69
39.95 116.54
39.87 116.50
40.55 116.00
30.54 114.31
31.36 118.38
32.71 117.28
39.87 116.24
40.67 116.31
40.12 116.19
40.05 116.25
36.42 101.04
39.13 117.18
39.96 116.11
40.09 116.36
40.34 116.02
41.94 117.26
40.95 117.74
39.93 116.49
31.58 120.29
40.22 116.26
42.58 117.14
39.83 116.37
39.94 116.77
39.89 116.29
39.85 116.39
40.16 116.44
39.19 117.19
34.24 108.93
40.03 115.50
40.06 116.33
30.90 103.55
30.53 114.31
31.36 120.76
39.73 116.33
40.03 116.26
40.04 116.26
30.75 120.48
40.44 115.79
40.22 116.20
40.21 116.31
40.17 116.70
40.08 116.36
39.91 116.79
41.01 117.94
40.22 116.25
34.24 108.92
39.83 116.35
40.06 116.55
38.75 116.49
39.91 116.64
34.26 108.95
40.09 116.55
29.92 114.34
39.85 116.26
39.88 116.42
29.88 114.28
39.94 116.54
47.05 120.76
40.62 116.69
40.12 116.08
40.06 116.37
39.83 116.44
41.00 117.94
39.77 116.46
39.63 116.38
41.01 117.95
40.14 116.14
40.98 117.93
40.41 116.69
39.95 116.25
40.30 116.06
34.27 117.20
39.92 116.22
40.02 116.42
32.98 114.04
40.07 116.24
27.50 112.01
39.89 116.43
39.94 116.78
40.09 116.47
39.69 116.31
40.20 116.49
39.87 116.56
38.70 116.14
40.18 116.40
40.04 116.53
39.85 119.41
40.11 116.28
40.17 116.48
40.09 116.54
36.53 102.04
40.09 116.08
39.89 116.47
39.92 116.66
39.87 116.11
40.10 116.37
30.54 114.36
30.25 120.17
39.90 116.28
40.03 116.54
40.01 116.54
39.81 116.29
39.94 116.21
39.98 116.51
39.82 116.51
31.56 120.25
39.92 116.23
40.56 116.79
40.35 116.01
40.06 116.58
39.88 116.25
39.70 119.19
39.89 116.40
39.76 115.96
39.97 116.20
33.44 120.08
40.26 116.57
38.72 116.16
40.24 116.53
39.95 116.12
39.80 116.15
40.18 116.23
40.19 116.23
30.62 114.25
40.06 116.60
39.98 116.20
32.97 114.02
39.81 116.20
40.15 116.52
39.79 116.28
37.87 112.41
40.04 116.35
34.26 108.94
36.50 102.12
40.07 116.58
39.17 117.20
30.28 120.12
39.88 116.28
42.48 117.22
39.93 116.24
40.04 116.29
39.77 116.78
39.87 116.25
40.17 116.40
40.04 116.57
36.06 120.31
40.00 116.43
30.28 120.18
39.86 116.25
40.22 116.24
40.22 116.36
39.85 116.22
39.85 116.47
39.92 116.54
32.98 115.86
39.78 116.29
39.85 116.48
39.75 116.34
31.34 117.18
36.46 101.15
39.77 116.30
39.67 116.32
36.08 103.75
35.72 104.41
34.51 119.10
39.90 116.24
40.22 116.23
35.18 105.30
40.16 116.40
39.97 116.24
39.84 116.21
35.01 105.49
39.90 116.44
39.93 116.29
34.95 105.58
40.01 116.27
39.91 116.19
40.32 116.70
34.78 105.64
30.80 106.07
34.56 105.89
30.55 114.30
39.96 116.39
39.90 116.29
39.95 116.21
39.96 116.38
40.25 116.27
36.46 101.14
40.21 116.13
31.58 120.31
39.91 116.61
39.13 117.21
40.03 116.60
39.94 116.80
39.74 116.34
32.00 119.59
40.17 116.24
39.89 116.25
39.91 116.21
40.07 116.56
39.81 116.14
40.06 116.29
40.01 116.50
39.86 116.48
37.82 112.58
39.85 116.40
40.60 117.43
39.88 116.35
39.84 116.34
39.83 116.32
40.15 116.25
41.01 117.93
39.83 119.50
39.49 118.68
32.98 114.03
39.87 116.28
40.04 116.25
40.10 116.41
39.92 116.20
40.05 116.58
39.87 116.47
39.95 116.26
38.33 116.75
39.88 116.40
40.54 116.80
39.83 116.33
39.85 116.33
39.89 116.33
35.21 117.12
33.97 116.97
39.89 116.18
39.16 117.20
40.20 116.22
40.04 116.61
40.59 117.13
39.67 116.31
39.92 116.18
40.39 115.90
30.51 116.45
39.81 116.54
40.22 116.21
40.11 116.08
39.14 117.22
40.02 116.33
39.81 116.51
39.80 116.48
39.93 116.54
38.98 116.10
39.99 116.26
40.13 116.33
40.01 116.48
39.93 116.36
39.91 116.53
40.09 116.41
39.92 116.19
40.14 116.48
39.83 116.31
39.88 116.36
39.95 116.29
39.87 116.23
40.06 116.34
39.91 116.20
37.79 112.60
40.97 117.93
39.91 116.18
39.85 119.42
39.86 116.47
39.71 116.33
40.13 116.48
39.85 116.23
39.86 116.34
39.89 116.17
39.88 116.09
39.91 116.62
40.06 116.18
39.82 116.50
40.12 116.27
40.14 116.26
40.08 116.34
37.54 114.79
40.36 115.98
39.87 116.33
29.54 106.55
39.99 116.50
39.88 116.31
39.85 116.36
40.08 116.41
38.95 116.35
39.75 116.33
40.56 116.95
39.93 116.50
40.28 116.55
40.36 115.99
40.12 116.48
39.87 116.32
39.80 116.28
39.90 116.25
36.40 100.96
39.87 116.46
39.88 116.47
39.86 116.29
39.91 116.58
39.85 116.37
39.91 116.29
39.90 116.22
39.80 116.51
30.32 120.35
39.88 116.43
38.97 116.12
40.02 116.53
39.97 116.49
40.18 116.39
39.92 116.65
40.03 116.45
39.98 116.25
40.00 116.23
39.85 116.32
40.36 116.02
34.78 113.02
39.78 116.49
39.89 116.35
39.86 116.31
40.11 116.09
39.77 116.34
39.76 116.33
39.86 116.46
39.69 116.34
36.68 101.26
40.03 116.52
39.74 116.33
39.89 116.20
39.70 116.32
39.92 116.26
39.91 116.57
39.89 116.44
39.95 116.28
42.82 116.34
40.03 116.55
40.05 116.31
40.06 116.61
40.11 116.48
36.08 103.74
39.91 116.24
39.79 119.42
41.16 114.70
40.08 116.58
40.10 116.29
40.00 116.24
39.92 116.32
39.88 116.38
39.81 119.49
40.59 117.47
39.94 116.45
40.03 116.29
39.79 116.52
40.08 116.48
39.84 116.47
40.08 116.31
40.02 116.36
39.90 116.40
39.99 116.17
39.81 116.34
40.06 116.38
31.59 120.30
39.78 116.34
39.86 116.36
39.18 117.93
39.87 116.54
39.76 116.30
39.92 116.21
39.92 116.42
39.91 116.28
39.88 116.29
40.15 116.48
39.82 116.34
39.92 116.39
40.03 116.47
39.97 116.18
40.05 116.48
39.88 116.48
39.89 116.24
29.37 113.09
39.92 116.45
31.57 120.30
40.00 116.25
41.32 117.72
39.87 116.43
40.70 116.56
40.09 116.11
39.82 119.50
40.04 116.47
39.93 116.09
39.54 116.69
39.94 116.79
39.91 116.51
38.77 116.82
39.98 116.27
30.54 114.30
40.09 116.29
39.91 116.52
39.76 116.34
39.15 117.21
39.91 116.50
31.01 114.63
36.44 100.87
30.55 114.29
39.80 116.34
39.89 116.41
40.12 116.26
39.97 116.25
40.02 116.30
32.47 120.54
39.92 116.29
33.31 116.30
40.38 115.89
39.90 116.47
40.03 116.33
40.09 116.10
39.80 116.52
31.84 117.25
40.07 116.30
40.09 116.48
39.87 116.44
39.89 116.48
39.89 116.36
39.92 116.40
36.65 101.66
39.92 116.63
39.91 116.60
39.85 116.34
36.62 101.81
40.13 116.26
39.96 116.10
40.10 116.09
40.21 116.22
39.99 116.21
39.87 116.29
39.89 116.38
39.86 116.35
39.95 115.65
40.02 116.46
39.93 119.34
39.98 116.70
39.87 116.42
39.13 117.20
40.02 116.54
40.02 116.29
40.06 116.39
39.72 116.34
40.10 116.08
39.73 116.34
40.52 115.96
40.03 116.46
39.91 116.54
39.91 116.25
39.94 116.38
39.86 116.44
40.01 116.41
39.92 116.17
39.83 116.34
39.90 116.48
39.92 116.38
39.97 116.26
39.87 116.48
40.03 116.27
39.87 116.40
40.02 116.52
39.83 116.28
39.69 116.32
40.01 116.51
40.01 116.40
40.00 116.49
40.37 115.90
34.72 111.39
39.94 116.47
39.92 116.41
40.98 117.94
39.94 116.41
34.55 106.08
31.58 120.30
39.93 116.31
39.87 116.30
39.93 116.15
39.91 116.33
39.87 116.31
35.89 115.91
39.98 116.26
40.07 116.34
40.99 117.94
40.04 116.42
39.86 116.40
39.92 116.28
39.88 116.39
40.03 116.36
39.92 116.44
39.89 116.32
39.92 116.33
39.91 116.31
40.00 116.51
39.87 116.41
39.90 116.43
37.42 110.77
39.91 116.26
40.07 116.36
39.95 116.43
39.86 116.43
39.88 116.44
39.69 116.33
39.99 116.18
39.91 116.49
32.92 117.54
40.37 116.68
39.85 116.35
39.97 116.28
31.35 120.75
39.88 116.46
39.90 116.36
39.84 116.28
39.98 116.49
39.86 116.49
39.86 116.45
39.86 116.27
39.89 116.68
39.97 116.29
39.98 116.28
39.92 116.36
39.93 116.41
39.98 116.43
39.92 116.48
40.02 116.37
39.90 116.45
39.91 116.32
39.89 116.30
39.90 116.33
40.07 116.35
39.81 119.48
39.90 116.31
39.99 116.49
39.99 116.22
28.92 113.09
39.93 116.44
39.89 116.31
39.85 116.28
39.90 116.21
39.95 116.34
39.90 116.41
39.96 116.46
39.96 116.43
40.05 116.33
39.91 116.42
39.70 116.33
39.88 116.45
40.04 116.34
39.91 116.38
39.86 116.42
40.08 116.30
39.98 116.48
40.02 116.43
39.99 116.27
39.86 116.38
39.93 116.38
39.95 116.38
39.89 116.46
40.05 116.61
39.94 116.36
40.05 116.29
40.00 116.45
39.89 116.39
39.14 117.20
39.94 116.31
38.47 101.91
39.95 116.47
39.96 116.29
40.36 116.00
40.00 116.30
40.02 116.28
39.88 116.37
40.03 116.32
39.91 116.59
39.95 116.44
39.92 116.43
39.87 116.45
40.00 116.50
39.96 116.49
39.95 116.39
39.99 116.47
39.95 116.78
39.89 116.27
39.86 116.28
40.08 116.59
39.98 116.47
39.97 116.48
39.94 116.40
39.93 116.37
39.90 116.46
40.43 117.51
39.97 116.47
39.93 116.42
40.04 116.43
40.36 116.01
39.93 116.32
39.88 116.41
40.02 116.38
39.89 116.37
31.59 120.31
39.96 116.48
39.91 116.48
40.00 116.26
40.04 116.30
39.88 116.30
39.91 116.44
39.88 116.34
39.87 116.36
39.89 116.26
39.94 116.39
39.87 116.38
39.93 116.40
40.05 116.32
40.01 116.28
39.95 116.48
39.93 116.39
39.86 116.41
39.98 116.46
39.87 116.27
39.88 116.27
39.90 116.30
39.96 116.37
40.03 116.30
39.87 116.34
39.94 116.37
40.61 116.12
40.01 116.38
39.92 116.37
39.88 116.26
39.86 116.39
39.93 116.27
39.95 116.33
39.94 116.27
39.87 116.39
40.01 116.39
40.04 116.32
40.06 116.32
39.91 116.36
39.86 116.37
39.91 116.43
39.95 116.45
40.00 116.41
39.82 116.28
40.01 116.45
39.96 116.34
39.97 116.27
39.94 116.48
39.90 116.32
40.00 116.20
40.03 116.40
40.00 116.28
39.87 116.35
39.99 116.29
39.99 116.48
31.88 119.79
40.03 116.35
40.06 116.57
39.87 116.37
39.92 116.31
39.95 116.79
39.92 116.27
39.91 116.40
39.91 116.30
39.93 116.33
39.90 116.27
39.93 116.45
39.91 116.39
39.51 116.66
40.02 116.45
40.02 116.44
40.02 116.32
39.89 116.45
38.41 115.84
40.00 116.46
39.97 116.10
40.02 116.40
39.89 116.34
39.98 116.39
39.90 116.26
39.90 116.35
39.99 116.19
40.09 116.31
40.00 116.40
40.01 116.30
40.00 116.29
39.91 116.34
32.14 118.92
39.96 116.31
40.01 116.33
39.98 116.29
39.93 116.48
39.90 116.42
40.04 116.41
39.95 116.30
39.98 116.44
40.07 116.32
39.91 116.41
39.90 116.37
39.96 116.28
39.94 116.46
39.95 116.46
39.98 116.40
40.04 116.31
40.01 116.46
40.02 116.34
40.00 116.39
39.91 116.27
39.95 116.40
39.87 116.26
39.94 116.34
39.96 116.27
39.98 116.41
39.96 116.40
39.94 116.33
40.06 116.41
40.00 116.37
40.01 116.34
40.01 116.36
40.05 116.41
39.90 116.38
40.07 116.42
39.95 116.80
39.94 116.42
40.00 116.27
39.96 116.45
39.99 116.43
39.95 116.41
39.98 116.38
39.91 116.45
39.91 116.46
39.95 116.35
39.93 116.30
40.07 116.41
36.46 100.85
39.99 116.46
39.96 116.41
39.94 116.43
39.92 116.46
39.96 116.33
39.98 116.37
40.00 116.36
39.92 116.30
40.02 116.31
40.02 116.35
39.92 116.34
39.90 116.39
32.53 118.20
39.94 116.30
39.96 116.35
40.03 116.34
39.95 116.27
40.00 116.35
39.96 116.44
39.97 116.43
39.93 116.46
39.99 116.44
39.82 119.48
39.97 116.46
39.87 116.49
40.05 116.30
39.93 116.35
39.86 116.26
39.99 116.20
40.03 116.41
39.95 116.31
40.04 116.33
39.96 116.36
39.95 116.37
40.01 116.35
39.96 116.30
39.94 116.32
39.91 116.35
40.08 116.32
40.28 116.79
39.93 116.43
39.95 116.32
41.20 117.70
39.92 116.35
39.91 116.37
39.92 116.47
40.03 116.31
39.95 116.36
39.96 116.32
40.00 116.38
39.99 116.40
39.97 116.38
39.97 116.36
39.90 116.34
39.97 116.37
40.01 116.31
39.98 116.36
32.15 119.00
39.99 116.41
39.97 116.39
40.00 116.31
39.99 116.39
40.05 116.40
40.00 116.34
39.93 116.34
39.95 116.42
39.91 116.47
40.08 116.33
40.07 116.31
39.96 116.42
39.99 116.38
39.97 116.40
39.99 116.37
39.97 116.41
39.94 116.35
39.99 116.34
39.99 116.32
39.99 116.36
39.98 116.42
39.97 116.35
39.93 116.47
40.07 116.33
39.97 116.34
39.99 116.42
39.97 116.32
39.99 116.45
39.99 116.31
39.98 116.35
39.98 116.45
39.97 116.30
39.99 116.30
39.99 116.35
39.98 116.30
39.98 116.34
40.00 116.32
39.98 116.32
39.97 116.42
39.97 116.31
39.98 116.31
40.00 116.33
39.97 116.33
39.99 116.33
40.01 116.32
39.98 116.33
39.80 116.08
40.01 116.37
40.40 116.67
40.40 116.39
40.03 115.76
36.64 101.57
39.62 116.46
39.62 113.76
30.89 114.91
40.02 116.41
40.61 115.03
37.71 114.77
27.77 111.71
37.30 111.79
34.51 114.77
32.54 118.19
34.72 111.98
34.78 113.55
30.62 111.60
31.06 117.31
43.95 116.09
34.54 106.12
40.88 117.82
36.51 103.61
36.65 101.50
40.44 117.16
40.43 115.78
28.28 109.71
31.81 117.49
40.46 116.27
33.63 106.17
31.35 104.55
40.02 119.71
39.80 116.42
40.03 116.44
40.66 116.20
40.65 117.10
40.83 117.23
30.13 114.33
40.13 117.13
27.95 109.60
32.19 105.29
32.17 119.13
35.28 113.84
31.97 120.26
40.16 116.98
30.57 114.37
40.29 116.79
36.07 103.77
36.51 101.15
34.99 117.74
39.40 115.99
32.92 117.53
36.50 101.15
33.89 118.09
36.83 117.04
39.96 116.15
34.27 117.26
40.04 116.82
31.46 120.11
40.00 116.55
40.10 116.17
37.49 116.38
40.47 115.32
39.63 113.06
40.17 116.13
39.97 119.70
29.79 118.19
40.64 117.08
42.51 117.16
41.13 114.54
29.00 115.80
39.85 116.75
39.63 116.41
34.57 105.80
31.63 114.03
38.63 101.58
39.71 119.34
39.93 119.61
40.50 115.31
30.65 104.07
40.35 114.77
40.82 116.73
35.83 104.26
34.67 105.70
35.34 115.58
40.21 116.06
39.96 119.61
40.37 115.21
30.26 118.21
34.57 115.62
42.67 117.23
36.68 117.02
36.42 101.59
43.33 116.87
36.99 116.67
36.35 102.84
31.81 117.20
39.86 116.15
31.31 104.50
32.12 115.10
40.37 117.03
39.57 119.28
40.69 116.40
40.02 116.39
31.85 119.84
41.60 115.97
35.27 113.83
33.54 115.80
44.55 115.85
43.24 117.48
32.85 112.27
43.93 116.10
35.02 105.48
39.76 116.36
39.60 115.68
29.58 111.35
37.85 112.03
34.54 105.96
27.91 102.19
39.94 116.07
41.30 114.36
40.24 116.42
31.49 120.27
38.38 102.06
36.05 103.94
27.66 110.13
30.84 103.82
39.64 115.59
40.07 115.25
40.03 116.48
37.04 100.77
32.45 115.33
36.47 102.40
39.30 117.87
35.90 104.07
37.81 102.74
35.13 105.40
41.17 117.97
34.61 105.71
27.86 112.94
34.36 107.15
36.06 103.79
34.70 112.48
36.08 103.71
34.30 107.07
29.02 115.81
40.22 115.91
41.17 117.66
29.52 106.46
39.92 118.91
40.33 116.28
40.23 117.04
43.49 116.11
34.23 117.98
34.02 118.17
35.53 117.04
38.81 114.44
37.45 110.91
31.90 117.51
40.03 116.42
35.52 104.66
39.92 116.16
43.97 116.04
40.31 115.70
32.15 118.69
34.51 108.43
34.64 111.01
39.90 116.02
39.94 116.60
32.12 118.89
35.72 104.52
40.03 116.63
29.35 110.55
39.75 115.75
41.11 117.95
40.19 117.15
31.51 120.38
30.92 117.83
40.07 116.40
40.51 115.29
41.16 114.71
40.36 116.67
30.53 114.32
39.98 115.70
42.56 115.90
39.56 113.19
27.67 111.70
39.45 116.80
32.12 118.73
39.74 119.24
34.95 104.70
30.78 114.20
39.74 116.29
40.42 116.59
40.09 116.30
36.63 101.26
30.66 120.52
38.11 114.47
40.28 116.04
32.93 117.42
31.90 119.75
34.85 104.74
34.73 112.19
39.82 116.59
32.72 116.58
34.87 117.78
29.38 113.10
39.73 115.95
39.62 116.38
29.80 116.00
34.72 112.17
30.63 104.06
27.64 117.92
37.30 102.90
38.86 100.76
31.53 120.28
40.47 115.97
38.74 116.97
36.49 103.61
39.97 119.54
30.65 104.09
39.51 116.57
40.63 120.66
32.37 117.44
41.63 115.01
36.90 115.72
40.12 116.54
34.39 106.96
36.16 103.25
40.35 116.66
39.77 116.33
40.03 113.96
32.60 118.09
39.60 116.75
37.02 111.90
39.85 115.96
29.73 118.29
34.51 110.31
34.33 115.73
32.79 114.03
30.41 115.25
32.58 114.04
37.77 113.56
34.26 108.91
40.19 116.63
36.66 116.96
31.81 119.92
34.52 106.30
36.14 103.50
31.39 118.38
39.95 116.49
40.40 116.77
36.06 103.84
43.41 116.64
40.89 117.98
42.66 117.24
31.29 104.49
30.88 104.19
34.24 106.90
36.70 116.05
40.05 116.18
31.46 120.74
41.37 116.49
33.81 115.79
34.49 109.54
36.15 103.42
42.68 117.34
35.78 104.30
42.37 116.87
43.98 117.46
34.59 105.72
31.08 113.93
40.59 117.46
29.52 105.77
39.15 117.78
30.22 120.24
39.97 116.44
31.94 119.68
31.33 120.60
30.27 120.14
37.30 115.73
39.15 116.92
36.84 100.84
40.48 116.36
34.72 105.49
31.89 117.52
31.61 120.23
31.51 120.32
30.74 120.49
31.84 119.86
34.56 110.18
31.51 120.30
30.93 117.82
41.47 116.21
37.62 116.41
40.00 115.77
42.43 117.24
39.22 116.92
28.23 113.06
34.79 113.07
33.00 112.51
29.13 110.48
28.32 109.73
28.06 109.59
37.85 112.45
41.30 114.74
27.85 113.14
37.69 116.47
40.57 117.16
31.84 119.85
34.63 115.60
39.65 116.79
31.45 113.97
31.10 113.93
29.38 113.11
38.84 114.20
31.82 119.90
40.03 116.43
40.06 116.40
36.12 103.58
34.69 105.63
34.49 106.53
32.98 114.01
39.96 116.81
40.00 117.29
30.98 103.65
39.84 116.73
28.14 102.18
34.74 112.94
33.97 106.65
39.35 116.63
31.30 113.97
43.39 116.67
39.69 113.67
29.38 113.12
40.62 116.12
40.60 117.04
39.05 116.22
42.58 117.25
41.65 117.81
40.38 117.02
39.53 116.72
39.96 115.67
38.75 114.62
35.68 104.56
27.90 102.20
34.71 112.51
40.36 116.93
39.63 116.94
43.27 116.12
40.16 116.66
40.00 116.42
30.12 118.19
40.15 117.22
40.12 116.29
37.66 116.46
39.94 116.28
32.90 105.91
40.77 117.88
36.85 111.76
32.11 118.87
32.13 117.23
31.52 114.01
39.92 119.07
40.40 115.85
35.47 104.75
29.62 115.92
32.11 119.52
42.77 117.59
35.20 105.27
40.59 117.45
40.16 116.30
31.80 114.03
37.73 112.56
41.01 117.91
42.51 117.12
32.11 118.75
39.11 117.27
36.43 101.23
33.15 113.91
34.92 105.66
34.47 106.57
37.89 112.95
40.12 119.75
35.35 114.85
40.17 115.16
40.78 117.89
31.44 120.45
39.77 118.63
34.49 109.63
36.03 103.84
33.88 115.80
40.13 116.27
40.79 116.74
40.52 117.60
40.62 116.71
43.23 116.72
43.94 116.06
40.07 117.18
34.44 115.68
39.90 116.17
34.13 106.75
40.13 116.44
36.58 101.22
36.44 101.09
40.14 116.91
27.84 102.21
36.67 101.37
42.97 117.59
31.19 113.96
39.90 116.16
39.83 118.35
40.60 117.44
40.12 119.50
39.87 118.65
36.51 119.59
40.26 116.28
37.38 111.51
34.56 108.22
39.52 116.72
34.48 109.51
31.35 113.97
30.70 104.11
35.61 104.61
43.95 116.06
40.06 116.59
39.99 119.74
34.48 109.52
31.09 114.26
40.00 115.94
42.52 117.12
37.43 110.87
30.70 104.06
40.44 117.51
42.62 117.22
39.76 116.31
40.56 116.72
40.87 114.76
36.28 114.90
37.92 112.22
36.83 115.73
39.59 119.27
30.78 103.90
37.75 112.47
34.34 113.76
39.64 116.77
34.92 114.73
32.19 119.45
31.43 120.10
39.12 116.37
39.87 118.67
36.64 101.74
39.87 116.03
31.94 117.28
31.59 120.27
39.72 116.13
32.77 105.91
40.26 116.29
37.78 113.73
33.46 117.15
29.59 106.52
38.97 115.25
36.56 101.90
37.88 112.58
40.82 114.88
37.74 112.56
40.64 117.32
40.52 117.14
33.63 112.79
32.05 112.14
36.45 101.12
31.61 117.93
29.92 111.61
29.83 111.59
33.28 117.32
35.88 104.09
34.90 105.66
34.53 106.01
29.37 110.99
27.96 102.20
40.16 117.12
39.84 118.39
37.07 116.61
39.76 115.63
27.87 110.35
40.65 117.21
39.41 116.61
39.68 115.98
39.85 117.87
40.09 113.27
33.20 117.34
30.09 118.20
33.12 115.84
27.91 113.08
27.86 113.13
31.60 120.36
27.85 109.77
39.87 118.59
39.78 116.32
30.24 120.14
42.44 117.23
40.59 116.11
39.30 115.83
41.76 115.17
32.98 115.87
38.21 114.46
40.03 116.62
30.95 113.93
36.70 119.09
30.77 114.20
39.80 118.16
39.96 116.60
40.00 115.70
32.17 119.48
34.70 112.49
34.51 110.89
36.69 101.24
37.75 116.53
39.85 118.44
39.78 118.22
39.87 118.46
39.96 116.14
37.20 112.23
36.67 116.99
35.81 104.28
34.56 105.91
33.37 120.20
40.60 117.10
39.72 116.36
40.07 119.86
39.80 118.14
39.86 118.46
36.48 103.61
39.80 119.44
38.85 100.80
34.37 107.16
34.10 115.77
39.63 115.59
40.33 116.86
35.21 105.25
39.91 116.15
39.87 118.60
39.84 119.52
34.28 117.30
33.78 119.80
39.99 119.76
37.98 114.08
38.08 114.31
34.28 108.55
34.25 108.31
43.27 117.54
36.22 120.60
35.90 104.22
28.96 113.63
39.85 118.40
40.48 117.58
39.61 117.09
40.39 116.20
37.75 115.67
40.58 117.19
32.89 115.86
32.41 105.70
40.02 116.19
39.29 113.76
32.51 118.21
32.50 118.21
35.87 117.06
27.89 102.23
40.85 117.26
29.76 105.79
40.98 116.61
36.96 100.90
36.35 102.83
40.59 117.00
40.52 116.80
40.48 116.04
40.47 116.84
34.37 106.80
33.34 117.28
27.89 102.25
29.61 119.04
30.50 114.30
34.82 114.82
34.74 113.74
42.60 117.38
35.88 104.23
42.57 117.03
30.39 120.30
30.66 104.03
40.20 116.27
39.92 119.09
31.76 114.88
40.25 117.05
32.92 117.39
40.64 117.33
27.67 111.71
40.11 116.36
40.53 116.01
41.17 117.79
35.21 105.24
40.13 116.39
39.96 119.55
40.48 115.84
31.00 103.63
39.99 116.16
27.88 102.26
30.66 117.88
40.42 116.04
36.06 103.77
30.78 114.21
39.87 118.63
39.91 116.68
41.33 117.79
37.78 116.54
39.21 115.81
38.06 114.51
34.74 113.75
41.14 117.71
36.58 103.37
37.76 115.61
32.32 114.06
39.81 118.30
43.23 117.52
29.73 118.25
38.71 101.35
33.43 117.19
33.32 117.30
31.63 120.25
39.64 116.72
39.17 117.16
39.72 117.41
39.78 116.25
39.37 116.25
38.03 116.58
40.70 117.83
39.86 116.52
38.54 115.05
32.55 105.84
35.66 114.20
41.72 117.85
28.96 115.76
39.79 119.30
32.31 114.06
39.08 116.23
40.91 117.94
39.93 116.03
29.97 118.08
39.85 116.24
40.17 116.65
39.80 118.27
41.39 117.72
42.56 117.19
40.59 117.48
38.24 116.84
39.13 117.15
34.70 112.50
40.06 119.97
42.53 119.19
40.24 116.78
40.09 115.76
42.35 117.50
29.63 106.61
31.84 117.19
36.65 100.81
36.40 101.29
34.84 113.23
36.39 102.69
34.55 105.91
39.29 116.40
40.21 117.25
38.51 115.03
39.13 115.75
31.63 120.35
29.55 106.55
29.72 106.63
36.85 111.77
33.59 117.03
34.62 115.60
40.23 116.29
36.45 102.51
39.72 119.18
40.15 120.00
39.96 119.58
32.97 106.04
33.64 119.91
39.82 116.56
39.90 118.81
39.92 115.54
40.06 113.28
36.44 101.10
37.69 112.85
40.64 116.18
39.98 115.65
40.11 113.12
40.60 120.63
30.18 116.11
43.32 117.06
27.90 113.09
40.17 116.61
30.55 114.32
30.92 117.80
37.01 111.86
36.40 100.98
28.69 109.97
37.55 116.34
31.78 119.97
39.12 117.15
40.12 117.14
39.53 116.32
40.42 116.99
39.89 118.79
40.03 115.71
42.59 117.17
40.02 113.31
29.81 119.71
36.11 103.55
39.79 117.00
33.04 114.04
40.48 116.03
41.01 117.52
40.84 118.05
42.67 117.20
30.55 104.06
30.68 104.01
30.24 120.12
38.55 116.85
39.11 117.14
32.01 117.25
40.74 120.76
36.99 103.14
36.59 116.23
42.53 117.13
38.79 101.12
40.01 119.52
40.29 116.16
40.07 116.10
39.91 119.55
37.51 116.39
40.12 116.18
34.75 111.73
34.81 104.76
38.04 114.24
32.34 117.21
38.95 115.63
40.10 116.12
40.00 116.82
39.98 116.01
39.09 113.64
40.18 116.24
38.43 116.90
39.84 118.28
39.71 115.92
34.39 106.65
34.30 113.77
32.62 105.86
39.98 115.98
43.96 117.52
38.90 115.59
41.24 114.46
34.26 106.97
40.34 116.01
29.24 110.45
33.99 113.83
41.08 117.54
40.47 116.00
40.60 117.22
40.07 116.46
30.16 120.26
40.08 116.60
39.79 116.34
35.92 104.06
39.83 118.26
31.86 117.29
34.72 105.65
33.12 114.03
35.58 104.63
41.92 117.76
29.78 119.71
31.90 117.29
38.76 115.50
31.28 113.96
40.36 116.24
43.45 117.71
40.33 120.29
39.88 116.65
40.08 119.77
40.03 119.97
34.78 112.99
40.18 117.12
40.21 116.30
40.64 117.25
39.82 116.77
42.27 115.67
43.71 116.63
40.14 117.18
37.77 116.53
42.67 117.19
40.68 117.28
35.26 115.51
36.17 103.47
38.96 116.12
39.02 116.97
37.19 116.42
34.64 112.51
39.82 118.58
33.43 112.72
32.09 112.18
31.28 112.30
39.97 116.57
30.64 104.08
40.57 117.69
38.05 114.24
40.01 116.10
34.46 115.67
32.96 120.32
27.90 110.30
28.08 110.75
40.48 120.52
36.66 101.50
30.21 120.21
29.61 106.56
39.79 116.08
36.47 101.15
40.38 115.83
43.24 117.51
42.60 117.39
40.47 116.34
41.30 114.40
40.60 116.73
39.94 117.52
30.86 117.72
36.20 120.62
39.33 115.85
36.28 103.42
38.66 115.22
30.99 113.92
30.57 103.96
36.24 103.04
37.40 116.30
39.93 119.54
37.43 110.89
30.59 114.34
31.46 104.71
30.66 104.10
29.71 116.01
40.43 120.47
38.04 114.55
27.67 117.96
38.01 116.57
39.72 116.69
40.52 116.40
39.76 117.90
38.31 114.69
36.11 103.66
41.32 117.74
37.91 112.14
36.66 116.86
40.83 114.87
32.71 105.88
33.08 117.37
31.89 104.98
30.76 114.32
39.46 116.30
38.93 113.78
37.78 116.47
39.84 118.56
40.57 116.73
29.83 118.35
39.40 116.63
36.69 101.27
40.03 115.89
36.37 101.45
40.23 115.98
35.39 104.91
38.20 116.78
35.26 105.10
37.35 110.73
32.94 115.87
33.90 113.87
40.36 116.36
38.88 114.06
40.42 117.18
40.42 115.55
36.55 114.45
34.14 117.10
32.83 117.29
42.21 116.47
34.37 113.77
28.67 115.89
40.03 115.85
30.25 120.14
39.99 115.64
34.53 108.25
38.70 116.92
39.03 117.63
37.86 113.27
40.25 116.28
27.76 109.86
27.58 109.97
33.68 116.98
37.86 113.56
34.37 107.25
30.98 103.64
40.53 116.16
39.92 118.90
40.29 116.22
35.65 116.89
37.52 116.32
36.07 120.44
39.95 119.55
37.88 113.19
36.87 111.97
34.55 110.13
34.57 105.90
36.77 101.13
39.20 117.12
36.49 116.85
39.92 116.62
40.44 116.58
30.96 117.94
31.46 104.72
39.79 118.10
39.00 116.10
30.28 120.17
36.67 101.43
40.22 116.32
40.33 116.62
43.47 116.10
38.79 115.54
40.42 116.69
40.62 117.46
39.94 119.59
36.19 103.44
36.66 103.32
40.22 115.98
34.60 115.61
37.46 112.25
37.49 112.24
33.51 114.03
30.64 114.33
40.09 116.39
29.59 106.50
37.74 116.45
30.61 114.25
39.76 117.85
30.84 114.26
36.34 102.88
39.44 116.29
39.99 116.25
39.93 117.54
40.97 117.94
37.70 116.40
39.86 116.33
39.92 116.60
40.61 117.08
39.76 117.87
39.96 119.49
31.83 117.23
39.95 116.82
30.59 104.06
36.77 116.82
36.15 117.04
39.76 117.80
40.41 116.40
34.38 113.77
30.75 114.33
40.13 116.45
38.52 116.87
33.11 117.36
37.85 112.04
37.85 113.69
34.36 107.11
38.85 115.47
40.18 116.52
40.19 116.17
39.67 116.33
40.66 117.29
37.14 116.46
39.74 118.81
31.18 104.39
39.02 115.37
33.98 119.91
32.67 120.08
40.00 116.05
39.98 119.80
30.59 104.16
36.06 120.33
40.41 117.13
38.68 116.91
34.62 117.36
34.53 110.84
40.10 116.15
41.05 116.63
38.50 116.88
40.01 115.82
39.83 118.57
35.96 104.01
35.33 104.93
35.80 116.78
34.51 106.38
34.37 107.06
39.79 118.11
27.43 113.03
36.62 101.77
36.44 101.11
39.71 116.78
37.74 113.05
42.59 117.23
28.21 102.07
42.58 117.24
39.92 116.51
36.79 118.05
39.69 115.98
40.02 115.83
36.06 120.37
31.95 117.28
38.27 116.95
39.19 116.26
34.24 108.88
41.58 117.75
37.00 116.57
37.86 113.46
27.63 117.94
36.68 117.00
34.44 115.65
40.64 117.45
30.98 113.92
39.96 116.57
41.96 117.76
39.61 116.44
30.54 120.56
34.67 117.32
40.46 120.50
40.55 120.58
32.25 114.08
39.99 116.15
33.67 116.98
35.96 115.86
40.00 116.10
40.60 120.64
43.97 117.55
37.35 111.87
38.25 116.86
36.97 103.13
27.99 113.55
37.34 102.90
38.46 101.95
38.46 101.94
40.89 117.04
38.71 101.33
43.42 116.82
37.84 113.15
34.40 106.91
40.13 116.20
39.73 117.58
34.81 113.33
40.12 116.66
40.18 117.28
34.63 113.77
36.48 102.43
40.16 116.27
41.57 117.76
39.72 116.05
39.76 116.50
40.25 116.02
31.79 119.97
33.45 120.09
36.08 103.86
39.16 117.81
27.77 111.72
40.36 116.63
39.72 115.96
40.03 116.24
39.86 116.55
36.23 114.34
36.50 114.43
40.45 116.66
29.63 106.52
38.19 116.77
40.06 116.62
37.02 116.57
35.25 115.50
36.66 101.69
40.37 116.66
34.37 107.24
39.80 118.26
40.06 115.70
40.18 116.56
34.54 110.67
37.39 116.31
36.59 116.91
39.96 119.56
31.20 115.01
40.06 119.85
40.40 115.88
40.90 117.65
40.34 116.29
30.26 120.17
42.34 117.51
39.65 115.97
42.36 117.44
40.14 116.32
36.01 103.96
34.86 105.66
30.54 114.41
36.61 101.25
41.79 117.82
40.04 115.75
40.00 119.83
36.40 100.97
37.86 116.51
40.59 115.11
39.83 116.20
30.58 103.95
37.99 113.93
40.03 115.87
36.86 111.76
41.22 117.79
37.74 112.47
27.74 109.91
37.86 113.59
29.90 118.57
44.54 115.89
40.23 116.10
39.92 116.55
38.33 116.88
40.13 117.14
34.03 113.81
27.84 113.15
39.80 116.29
39.40 116.32
39.79 116.69
39.85 116.11
36.06 120.30
40.20 116.87
33.97 117.11
36.94 111.90
34.49 109.49
36.47 102.45
39.74 117.37
39.94 116.66
30.67 104.07
30.20 120.13
40.00 119.77
39.96 115.98
40.36 116.21
27.56 111.97
36.71 116.94
40.63 116.77
42.63 117.09
42.75 117.58
39.60 116.27
36.18 120.51
40.03 115.90
39.97 115.88
